 5  10  35  51  11   8  34  47   3   8
29  30  13  25   1  12   4   3  36  22
 2   3   4   5  10  54  38 110   6  24
21  68  17  10   9  16  32  11  27  78
65  11  14   4   4  14   9  45  10  17
13   4   5  12  56   7  12   6   4  62
12  18   5  10  15  37   4  28   4   4
 8  11  16  24   2   9  37   4  20   5
 9   2   6  12  17   8   7  93  11   3
25  19  10   2  15   5  20  21   4   8
 4  36   4  26   7   6   6  11   9   6
15  31   4  14   2   3  18  11  41   6
 6 135   7  22  16   6   2  18  14  49
15  10  24   3   6  14  32  33   8  72
10  30   3  20   5  12  11  19  13  16